100 13.1555555556
200 27.2666666667
300 39.7111111111
400 51.5555555556
500 66.6444444444
600 81.9111111111
700 94.5111111111
800 110.466666667
900 118.755555556
1000 135.711111111
1100 150.555555556
1200 163.911111111
1300 174.577777778
1400 188.088888889
1500 201.422222222
1600 211.866666667
1700 229.488888889
1800 254.711111111
1900 268.377777778
2000 279.177777778
2100 293.377777778
2200 308.355555556
2300 314.711111111
2400 331.888888889
2500 345.4
2600 172.533333333
2700 154.866666667
2800 145.377777778
2900 116.511111111
3000 88.9333333333
3100 71.2444444444
