0 13.1555555556 456.41025641
0 27.2666666667 132.372881356
0 39.7111111111 39.4797245601
0 51.5555555556 14.5449137418
0 66.6444444444 12.3265494912
0 81.9111111111 10.6517690875
0 94.5111111111 7.02875399361
0 110.466666667 7.77531820697
0 118.755555556 9.02128764278
0 135.711111111 8.1228668942
0 150.555555556 8.54597002835
0 163.911111111 2.49530956848
0 174.577777778 9.67967792753
0 188.088888889 2.55802549853
0 201.422222222 6.90690690691
0 211.866666667 9.5000722439
0 229.488888889 13.6465619638
0 254.711111111 16.4980359481
0 268.377777778 5.23619806488
0 279.177777778 5.41850220264
0 293.377777778 14.6690796277
0 308.355555556 17.7304261645
0 314.711111111 167.339839598
0 331.888888889 77.175300985
0 345.4 77.396959311
0 172.533333333 5115.64107449
0 154.866666667 5582.38827993
0 145.377777778 5937.17045455
0 116.511111111 8056.02029622
0 88.9333333333 9769.89989644
0 71.2444444444 11163.0474041
