0 13.3 0.577367205543
0 28.75 3.25732899023
0 40.75 2.14559386973
0 53.7 6.68016194332
0 68.275 9.02461257976
0 79.275 12.7676447264
0 93.75 11.635325722
0 107.575 12.6107501477
0 118.925 6.22047244094
0 133.45 16.7096925604
0 147.225 17.6577930442
0 158.725 18.8982552441
0 172.725 41.9223826715
0 187.3 13.0132394838
0 196.025 9.76057462091
0 215.05 14.4405645279
0 227.3 10.4580573951
0 242.3 13.0629461389
0 262.65 6.0686333534
0 264.7 3.42067820726
0 294.15 9.19246728375
0 307.825 14.4211065574
0 319.825 31.587721879
0 325.6 47.3197161488
0 194.6 3114.49385211
0 158.925 4962.60460251
0 148.575 4490.80384447
0 132.975 5403.44349142
0 91.35 7807.55813953
0 78.325 8639.67940272
0 62.9 7998.63834423
